92 77 82 89 89 85 90 75 75 80
92 81 87 81 88 94 93 94 75 80
85 82 82 81 88 85 87 86 80 85
87 85 76 86 77 88 84 76 84 75
80 81 86 90 92 78 87 88 93 79
88 86 83 78 88 90 77 85 84 78
76 91 84 82 83 78 81 83 77 86
81 82 77 89 91 77 90 91 80 77
94 89 85 87 76 83 77 76 78 93
88 84 93 93 78 89 92 76 89 84
81 75 91 83 92 85 77 77 90 93
92 91 88 93 94 91 92 86 90 92
85 84 87 87 87 93 90 85 87 75
91 92 87 91 75 87 94 89 79 76
84 80 92 85 88 89 91 83 82 85
90 82 83 87 83 80 78 79 91 94
84 78 92 80 75 78 82 75 90 79
86 86 87 88 87 76 87 80 94 88
86 80 89 78 75 75 87 79 94 75
84 90 85 89 78 88 91 81 85 80
87 87 83 78 85 88 93 86 78 88
86 80 85 78 90 78 81 84 93 75
82 93 94 93 83 88 85 89 91 94
80 75 94 91 86 77 80 83 75 81
85 86 84 87 89 83 77 90 94 77
77 78 94 84 77 88 83 83 92 77
93 78 87 94 86 78 83 77 85 83
84 77 89 76 91 75 94 84 90 78
82 86 81 79 91 85 91 76 91 82
86 93 92 78 79 80 92 78 81 84
81 87 84 80 79 93 90 82 77 93
94 93 77 93 75 79 93 75 89 82
87 75 77 86 83 87 91 75 94 79
91 85 94 89 83 78 84 85 75 75
86 92 93 94 81 92 78 90 76 85
75 87 84 83 90 86 83 76 82 75
87 88 94 82 92 82 75 81 90 93
75 78 94 89 79 84 75 76 83 84
87 90 92 82 80 88 85 87 89 80
89 89 84 84 80 80 84 81 82 76
78 87 88 78 75 76 91 85 88 85
87 85 78 84 75 76 86 92 88 88
90 92 88 94 87 93 78 87 76 88
90 78 81 91 77 76 87 88 78 80
81 92 79 93 75 84 86 91 76 92
87 87 77 79 82 83 81 76 83 76
92 77 86 92 94 91 80 83 91 83
78 81 86 75 93 79 94 78 81 81
92 82 94 91 88 75 93 77 76 92
85 91 91 84 89 94 93 79 87 90
83 93 94 84 94 88 83 94 84 79
92 93 90 90 89 84 81 86 89 88
83 89 94 79 93 77 85 93 81 89
93 75 80 91 76 75 82 84 80 75
94 83 77 94 83 79 84 87 75 82
81 80 80 90 93 76 80 86 88 85
86 76 82 80 79 80 90 93 94 85
89 81 91 79 81 77 79 90 90 83
83 76 79 85 91 93 86 93 79 92
83 76 79 87 87 82 75 81 75 81
94 81 86 92 93 92 83 76 77 79
80 77 94 75 86 91 84 82 89 75
87 79 80 82 84 82 84 86 87 78
93 82 85 88 85 86 84 77 77 94
91 81 83 94 86 82 82 92 84 93
93 83 75 79 88 93 77 78 79 92
91 86 84 83 89 84 90 81 75 85
75 82 81 77 84 76 87 90 87 79
84 81 75 92 76 86 89 85 93 91
92 91 76 78 92 85 89 75 85 88
75 75 89 87 81 94 76 77 88 84
92 77 89 78 89 86 77 84 75 76
94 87 83 78 88 89 89 90 94 85
91 90 82 84 77 91 85 87 85 89
85 83 84 93 86 78 87 85 81 84
80 83 87 78 77 85 77 75 84 86
76 75 93 88 75 77 93 91 81 89
94 82 94 93 91 81 93 79 82 77
83 76 88 86 84 79 93 78 86 79
90 86 91 82 82 83 85 82 87 76
87 88 78 75 92 83 92 91 91 84
94 81 88 83 75 88 88 80 85 76
93 85 83 82 90 82 89 92 82 92
91 84 79 78 82 84 75 87 91 78
76 81 84 86 78 77 92 80 76 83
85 91 90 79 81 75 91 89 91 88
91 88 94 94 87 86 75 81 86 85
77 76 92 88 87 86 84 75 88 93
76 79 79 78 91 92 94 91 92 91
83 76 76 94 90 90 83 86 89 94
88 92 83 82 75 82 79 79 79 75
83 75 87 75 80 89 93 93 90 83
76 86 94 92 91 84 87 84 84 88
78 84 80 87 90 76 75 80 78 85
89 76 78 84 86 88 82 76 83 84
88 82 88 89 75 86 75 81 76 75
81 76 88 90 82 89 88 79 93 78
86 86 94 78 83 79 92 89 84 86
82 91 86 85 78 78 89 82 86 91
87 87 91 80 87 94 81 80 84 77