92 92 82 87 87 80 87 92 85 76
88 94 77 81 76 92 85 88 88 93
76 92 85 92 84 91 84 86 87 87
94 76 93 81 82 77 77 94 94 75
87 85 86 94 87 75 84 90 89 94
91 89 77 94 82 84 83 86 83 80
78 81 89 76 80 82 90 82 84 79
80 92 89 84 90 84 76 84 94 90
81 84 88 82 89 84 89 94 83 92
77 76 86 91 88 92 77 88 86 83
87 94 78 87 88 77 76 78 80 85
80 93 93 81 94 85 82 89 85 94
85 91 86 79 92 78 76 92 79 76
88 90 88 89 75 84 87 85 80 91
89 91 76 79 94 93 86 76 87 92
77 93 77 76 83 82 94 89 88 75
86 93 87 88 79 79 89 76 84 87
82 89 93 84 79 83 78 87 92 77
84 87 93 77 92 92 79 79 86 82
87 80 78 81 88 81 90 78 75 77