88 85 94 75 76 93 91 83 82 89
86 78 92 85 79 93 78 84 75 80
80 84 92 77 82 88 89 78 89 92
85 76 94 81 94 92 92 86 84 88
84 86 76 88 75 91 82 86 91 77
91 87 85 75 82 84 84 79 85 90
91 78 84 84 90 88 85 89 88 76
83 81 90 87 91 83 82 83 87 94
90 91 85 81 83 80 94 82 89 81
83 76 77 84 86 88 84 83 88 89
88 77 90 75 83 90 83 83 94 92
81 90 84 89 91 80 82 84 79 78
82 87 90 94 81 94 90 94 76 78
93 86 81 79 81 85 91 75 91 78
89 93 85 82 89 87 86 78 86 79
79 80 84 89 76 88 89 93 79 78
87 88 92 94 78 90 76 85 81 90
80 85 84 94 75 90 81 91 86 92
78 86 94 92 88 84 79 80 86 84
80 79 78 82 90 75 94 82 75 78
85 90 89 94 83 75 88 94 94 79
86 92 91 87 94 91 86 90 85 86
81 92 84 84 91 89 82 81 84 92
87 94 88 92 87 79 88 85 91 81
94 81 85 83 90 86 77 83 84 93
85 80 83 81 79 92 89 94 75 77
85 91 89 90 90 88 85 92 87 80
87 88 93 91 78 88 89 88 89 85
92 94 83 80 94 90 77 75 84 79
79 80 83 81 90 92 79 94 93 90