88 75 75 87 86 92 88 86 88 77
80 85 82 84 85 90 87 77 78 90
79 90 93 88 85 88 89 87 89 77
87 79 78 90 78 94 90 88 81 88
82 76 94 87 84 89 91 78 91 93
93 84 85 94 81 87 90 76 94 85
79 82 86 90 85 78 75 85 81 81
76 94 83 93 87 83 91 76 79 76
76 80 85 76 75 76 92 80 87 79
75 78 84 84 78 94 87 88 88 80
91 82 92 81 90 79 94 88 75 84
82 85 87 80 93 75 82 84 78 86
77 91 77 91 87 92 79 81 83 91
91 85 94 81 80 83 75 80 83 91
76 85 89 90 79 83 86 86 93 78
75 93 79 88 92 88 88 90 78 84
90 91 87 90 80 90 91 77 86 84
94 83 86 94 79 93 89 75 81 93
75 83 77 78 79 87 81 90 89 89
81 76 88 77 94 78 87 87 76 75
76 81 93 89 80 88 83 77 79 76
80 81 78 86 89 88 81 78 84 85
84 89 92 84 76 77 91 93 93 89
89 85 81 91 75 92 76 85 90 85
78 81 93 80 85 86 77 94 78 86
89 83 92 84 81 89 77 94 89 85
76 91 87 82 80 81 88 92 83 88
75 85 77 76 88 82 90 91 89 93
88 85 86 91 93 76 78 89 80 77
87 81 86 90 78 87 87 91 76 75
80 88 90 77 87 81 75 76 81 87
93 90 80 86 88 84 83 93 94 84
90 81 81 81 78 87 83 86 75 84
79 82 89 84 91 89 82 91 80 80
81 87 91 75 92 88 92 81 77 83
82 93 83 76 83 85 76 93 76 79
89 85 87 88 93 94 80 84 85 90
89 92 88 84 76 91 94 80 92 87
89 94 82 87 75 87 88 86 87 81
81 86 92 78 87 75 90 91 89 92
93 80 77 85 93 79 84 79 81 86
94 76 85 75 84 90 93 82 75 87
77 91 79 83 87 79 80 89 84 76
79 93 85 76 86 79 83 81 90 81
91 93 92 83 78 91 75 85 86 94
75 86 83 85 81 79 93 91 84 80
89 92 83 93 85 92 90 94 80 94
83 79 90 87 84 83 83 77 78 85
78 90 92 88 88 84 89 78 76 89
83 80 90 89 88 75 85 75 88 93