76 83 82 94 82 85 88 89 87 93
83 89 78 94 94 84 87 94 94 94
81 76 82 91 79 75 77 94 85 78
88 90 82 82 80 84 87 85 76 80
79 78 89 90 81 77 75 90 89 82
80 75 82 78 93 94 79 84 87 81
91 85 85 77 83 94 79 85 85 76
82 75 91 83 77 77 89 84 94 76
78 77 83 81 75 94 85 89 86 91
87 77 83 87 82 80 91 90 94 76
94 87 79 94 87 78 93 78 77 88
81 94 87 81 76 89 77 90 88 80
81 84 89 93 75 88 80 91 91 83
84 79 81 87 89 83 91 87 76 76
84 80 84 78 89 76 84 79 83 75
77 80 76 76 91 79 83 93 87 75
93 76 90 80 75 90 93 86 85 86
82 81 80 92 87 81 94 94 89 94
79 81 75 81 85 84 77 85 92 88
91 84 82 94 93 93 81 86 87 86
89 86 76 82 83 90 90 84 90 81
87 88 78 76 75 90 76 94 94 90
90 88 78 81 84 86 80 81 93 84
91 90 91 93 79 79 88 78 80 80
79 77 88 85 82 83 86 93 77 83
83 80 88 85 75 79 79 81 77 82
90 83 94 80 89 91 81 85 80 81
87 75 93 87 93 82 78 80 82 94
87 80 87 80 81 92 86 85 92 81
94 93 75 90 88 93 77 87 77 80
93 80 76 84 81 76 94 79 81 87
84 83 85 82 75 84 86 83 89 92
80 80 84 84 84 78 91 80 77 87
92 83 77 86 86 79 77 86 85 81
89 93 88 90 94 77 78 76 79 80
87 91 82 80 76 94 76 80 91 85
90 79 80 79 81 82 94 86 88 86
79 83 83 82 87 80 78 91 91 90
88 77 78 80 79 78 84 94 91 80
92 89 76 84 88 79 79 85 79 79
94 82 94 75 76 76 77 91 79 92
88 82 75 80 90 78 75 89 85 76
92 77 84 91 86 81 94 76 92 79
76 91 94 76 84 88 79 77 76 81
89 83 88 93 84 75 80 89 83 92
78 85 91 91 84 76 83 86 90 75
77 77 88 77 82 86 88 77 78 87
94 77 89 75 75 78 91 75 93 81
87 91 75 94 87 80 91 75 75 77
82 80 78 77 94 86 93 86 77 78
79 86 80 88 77 77 80 78 76 78
92 86 86 88 88 90 90 90 92 88
82 76 79 81 83 93 89 90 86 85
87 79 94 76 92 90 92 82 79 90
93 89 85 75 80 77 85 91 75 82
79 76 92 91 92 89 87 79 81 75
79 76 94 94 90 75 89 77 77 75
76 81 77 80 94 91 85 77 83 83
75 76 93 89 83 86 82 93 94 78
86 86 85 87 79 79 87 80 87 83
93 75 86 92 81 85 77 81 84 92
76 78 91 83 86 76 90 89 87 79
83 92 77 82 84 88 85 82 86 84
83 79 75 83 84 76 80 93 91 94
78 81 75 75 78 92 77 82 85 92
75 79 88 84 82 91 77 78 80 77
78 91 83 89 88 92 83 75 80 75
93 91 77 91 78 83 80 76 75 93
81 89 93 75 88 93 91 81 85 75
87 94 94 83 76 77 75 80 92 75
82 91 88 91 76 85 75 83 78 91
86 77 86 83 88 91 78 88 92 89
91 88 75 82 87 91 94 80 83 83
86 85 91 76 81 79 82 78 75 78
77 84 80 86 83 75 85 88 84 79
85 88 84 86 77 90 92 91 78 93
85 85 78 91 78 87 85 89 81 83
86 76 86 83 82 93 81 75 77 77
86 75 88 77 85 75 94 91 92 78
87 81 81 88 91 82 75 76 88 80